1 2 3 4 5 6 7 8 9 10 11 12 13 14 15 16 17 18 19 20 21 22 23 24 25 26 27 28 29 30 31 32 33 34 35 36 37 38 39 40 41 42 43 44 45 46 47 48 49 50 51 52
53 54 55 56 57 58 59 60 61 62 63 64 65 66 67 68 69 70 71 72 73 74 75 76 77 78 79 80
81 82 83 84 85 86 87 88 89 90 91 92 93 94 95 96 97 98 99 100 101 102
103 104 105 106 107 108 109 110 111 112 113 114 115 116 117 118 119 120 121 122 123 124
125 126 127 128 129 130 131 132 133 134 120 135 136 137 138 139 140 141 142 143
144 125 145 146 6 147 148 149 63 150 151 13 152 153 154 155 156 157 158 40 119 159 160 139
161 162 163 6 59 164 165 7 166 167 148 168 169 170 171 172 173 174 175 176 177 178 179 180 181 182 20 183 184 185 186 187 188 189 190 191 192 193 114 194 195 157 35 196 197 198 199 200 201 202 203 204 40 205 206 44 46 207 208 209 210 141 211 212 213 214 51 215 216 217 218 219 220 221
222 223 224 225 226 227 228 229 12 230 231 232 233 234 235 153 236 237 238 239 240 241 242 243 244 245 246 195 247 248 249 250 251 252 253 254 255 256 257 258 259 260 261 262 263 264
265 266 6 267 59 60 7 268 269 148 270 271 63 272 273 274 275 276 129 277 178 18 180 278 186 279 187 280 281 282 283 284 285 286 37 287 288 289 290 291 292 293 294 295 296 297 141 298 212 299 300 301 99 218 302
303 125 304 305 306 307 308 309 18 310 241 28 311 312 313 314 92 315 316 317 318 319 320 216 124
125 321 322 323 324 325 326 67 18 327 156 328 329 330 331 288 332 333 334 335 336 51
337 338 339 340 341 342 343 344 345 130 346 347 348 349 350 74 351 330 352 316 353 354
355 224 356 357 358 169 359 340 360 361 67 362 278 363 185 364 365 133 366 367 368 369 370 47 122 211 371 213 372
373 374 375 376 377 164 378 379 380 381 382 177 178 180 68 346 383 132 280 384 114 115 385 386 387 388 389 390 391 392 42 393 394 253 395 396 397 141 398 301 399
400 401 402 272 403 404 405 406 13 407 408 235 409 410 155 411 412 413 28 328 414 415 416 417 418 419 420 421 422
423 57 424 425 265 426 427 428 429 430 431 432 224 7 62 269 433 434 435 356 436 81 271 437 168 438 340 439 440 103 441 442 104 443 444 106 445 342 446 447 274 66 448 173 449 450 451 14 276 452 326 453 454 455 456 344 153 18 457 458 459 460 461 462 327 364 463 464 465 466 467 71 468 469 470 471 72 284 115 472 473 74 351 474 475 476 311 477 478 479 480 75 330 481 482 288 77 483 484 485 486 487 488 206 489 45 490 491 492 493 369 370 494 495 496 497 297 498 499 500 501 502 317 503 504 122 505 506 507 508 509 319 259 320 510 511 398 512 513 514 515 516 517
518 355 322 356 519 438 442 520 521 522 345 523 472 524 525 526 290 119 527 528 529
224 62 530 531 532 533 275 308 534 53 155 535 71 280 536 87 537 30 474 391 90 538 539 540 541 335 319 259 510 216 513 514
542 543 106 544 15 545 546 547 115 548 77 314 134 549 550 551 47 552 51 217 553 554 516
161 555 337 556 432 557 558 165 559 560 356 357 530 561 562 563 564 442 105 106 565 379 532 451 566 567 276 568 453 569 570 68 278 21 571 572 186 364 464 465 573 574 575 412 351 524 576 480 313 577 366 390 287 485 578 579 580 42 581 582 419 583 48 506 584 529 217 262
59 557 7 585 586 587 437 588 443 520 106 342 589 276 590 591 409 592 593 468 594 595 73 596 597 598 599 600 198 482 601 602 487 603 54 46 604 583 503 122 505 605 422 219 606
2 125 607 6 608 222 609 268 9 443 66 533 610 611 612 613 456 614 465 71 594 615 616 537 474 617 618 619 331 91 620 293 621 622 623 624 625 626 212 627 628 514 629 630
631 125 632 633 634 359 635 636 637 179 638 468 26 639 292 640 641 582 509 98 642
373 643 266 607 427 267 558 644 645 148 646 587 647 306 648 649 437 650 651 563 652 103 653 442 443 654 655 404 106 445 324 447 274 656 172 657 610 658 589 175 612 613 129 659 456 17 409 180 660 661 662 663 186 364 664 383 111 665 281 666 193 667 668 669 670 385 671 672 473 673 329 674 312 675 676 677 133 617 35 391 618 619 482 483 78 678 679 680 539 681 40 624 682 94 491 683 684 369 47 626 685 48 502 397 122 210 505 686 687 688 689 690 123 398 219 516
691 692 339 356 442 66 693 694 129 461 695 672 474 696 479 197 697 690 698 422
586 699 9 272 168 700 12 701 106 170 380 613 702 455 68 278 703 535 184 704 190 115 705 706 75 37 201 707 708 291 709 294 252 710 506 711 50
161 712 425 266 713 59 557 7 559 714 715 519 530 9 716 169 439 717 65 106 718 719 361 720 406 611 276 452 590 409 660 465 721 722 156 723 26 351 705 311 724 479 480 725 414 366 75 390 289 485 726 292 678 679 487 295 641 393 495 95 80 317 506 98 336 221 124
727 555 374 429 7 728 62 729 148 306 437 730 12 170 658 176 177 731 17 732 733 734 53 107 327 735 736 239 737 365 468 667 738 739 740 35 741 742 117 743 601 744 367 745 679 491 746 747 748 749 750 507 751 398 752 606 516 753
754 57 557 339 755 561 756 438 757 457 758 734 462 279 24 192 469 723 759 760 761 315 762 763 764 765 506 766 688 509 51 513 767
768 161 769 713 770 771 772 647 773 774 775 776 569 181 777 778 237 22 779 780 282 468 474 781 782 783 486 784 785 786 396 787 788
789 756 717 790 791 588 404 792 793 448 407 794 795 331 201 796 797 421 798 753 629 799
58 7 167 587 356 358 168 359 307 800 442 342 446 171 174 663 467 192 471 26 133 481 783 368 801 94 802 256 318 509 354 320 371 554 803
145 804 805 648 806 807 655 12 808 809 611 810 811 812 15 17 132 25 190 813 156 814 815 816 477 817 818 367 683 687 300 217 819 606
56 643 57 820 821 5 822 823 432 60 558 824 585 269 825 560 435 755 561 9 826 756 438 404 106 342 66 827 693 13 344 18 180 154 828 535 661 346 829 279 463 830 467 831 665 190 593 468 666 832 412 833 350 72 834 537 73 596 351 474 246 311 598 480 835 836 837 391 36 838 417 291 41 494 839 840 797 96 841 710 121 317 749 842 688 509 212 259 100 514 124 630 517
145 429 432 804 633 378 402 756 564 637 843 844 106 170 175 15 845 570 732 846 461 107 704 847 536 412 26 670 116 73 475 329 848 414 849 37 289 483 39 850 679 44 851 765 842 420 50 398 513
768 303 713 645 401 852 853 776 854 758 855 779 593 468 243 856 857 796 683 858 859 786 80 396
860 861 652 404 106 544 178 862 863 864 865 547 866 867 387 868 35 77 484 603 550 841 869 686 553
631 870 771 224 871 872 873 228 12 231 153 874 813 242 28 741 249 875 254 257 876 877 260 878
373 879 643 145 880 223 861 63 654 444 106 881 13 610 176 466 111 882 238 191 385 705 35 883 37 884 290 39 489 45 94 46 552 841 503 139 885 687 123 605 50 512 300 301 886 788
887 59 790 888 889 890 891 722 281 391 367 892 679 893 492 684 551 697 256 207 851 141 753 262 894 886
754 145 895 896 897 59 355 634 356 271 437 637 442 898 106 273 899 446 450 15 462 573 722 156 900 116 597 759 901 285 479 725 761 579 679 801 641 902 419 903 509 904 420 218 905 906
907 908 12 909 910 911 912 71 913 900 243 914 915 117 158 255 916 96 138 141 318 917 918 878
57 145 770 919 557 645 699 433 920 634 436 872 649 921 9 716 922 923 924 898 925 719 565 793 13 926 927 928 929 177 890 347 930 349 913 471 536 412 26 523 29 671 73 597 724 34 931 742 837 482 77 621 332 40 119 493 251 80 96 500 932 509 510 511 398 372 99 221 629 102 124
427 222 823 224 933 934 401 935 936 907 12 520 82 888 937 231 938 276 233 939 940 874 930 239 241 941 942 72 943 668 244 615 944 474 945 246 247 525 248 741 117 946 678 250 255 256 947 258 948 141 259 260 261 878 263 264 788
879 55 895 896 713 377 919 949 225 305 950 920 825 560 647 648 716 438 12 106 827 951 14 522 927 452 176 177 663 465 573 778 952 953 23 954 349 384 955 593 470 193 413 113 956 537 473 34 577 35 482 957 314 958 294 44 46 959 960 851 122 506 336 752 219 642 961 102 962
692 804 435 272 443 532 23 193 474 89 836 485 746 963 394 964 496 319 510 300 819 630
965 966 870 967 60 968 9 969 235 845 970 638 463 971 972 973 488 492 974 975 498 976 80 977 767 514
978 518 979 756 716 881 446 308 980 981 465 830 982 665 738 983 197 618 289 54 984 985 251 963 552 317 948 335
986 425 822 987 7 587 648 988 168 404 565 171 173 308 989 910 16 704 467 365 990 991 537 705 75 90 256 334 122 687 688 509 992
608 770 979 226 105 993 701 994 995 733 996 997 998 26 999 1000 291 46 255 1001 688 52 101
1002 861 1003 543 1004 1005 150 589 175 128 1006 1007 1008 1009 545 459 660 132 1010 281 669 1011 1012 867 312 914 479 77 1013 973 550 684 1014 551 687 627 642
144 1015 304 222 224 1016 872 1017 908 12 230 231 238 242 243 251 254 876 1018 259 260 1019
1020 1021 1022 821 1023 1024 770 1025 934 807 1026 881 1027 277 1028 1029 1030 111 1031 780 31 474 33 579 46 253 1032 877 1033 1034
145 966 1035 1036 427 375 713 1037 166 1038 1039 562 439 635 1040 106 1041 811 659 1042 1043 18 638 1044 1028 862 778 953 956 537 387 133 548 392 488 119 46 395 297 1045 397 122 1046 962
125 162 321 880 1036 429 222 7 1047 356 806 1048 1040 150 720 172 173 309 1049 176 456 1050 460 660 1051 1052 1053 1054 1055 391 314 580 158 1056 92 1057 94 1058 1045 932 1059 139 1060 878 516 262 399
161 356 227 1061 1062 1063 127 447 1064 776 938 1065 669 1066 1067 370 859 582 254 160 1059 318 689 1068 1069 52
1023 645 934 401 852 226 922 730 1070 152 937 1071 1029 1030 1031 1072 1073 944 474 781 1074 1075 486 46 1018 502 397 842 1034
1076 57 692 437 359 64 443 342 324 925 325 17 286 600 197 957 332 985 963 1077 1078 496 1079 1080 512
1081 1082 826 1003 808 1083 1084 153 1085 22 864 1086 739 945 599 1087 1088 682 490 840 120 1089 139 687 787 1068 217
161 1090 1091 1092 1093 1016 1094 10 1004 720 995 1049 382 363 1095 815 674 1096 120 1097 139 1098 1099 1019 217
879 55 1035 428 556 1100 356 1101 440 11 106 720 1102 1103 591 731 1104 732 1105 21 1106 85 778 952 111 24 1072 523 1054 759 387 34 577 288 1107 1108 291 538 850 92 958 1109 42 295 1110 1111 641 95 1112 1113 851 122 687 298 320 513 894
966 1035 355 558 648 922 82 173 234 614 940 638 1114 952 190 865 133 1115 35 1116 1117 975 503 1118 529 301
373 55 770 556 59 557 1119 7 225 435 270 530 562 716 635 11 230 899 446 927 567 1104 732 703 1105 155 573 1120 467 722 471 351 475 1121 1122 525 848 480 577 35 761 783 678 42 295 45 801 491 1123 95 748 710 851 298 420 512 100 906
643 1090 1091 1015 804 7 166 728 356 805 1004 442 1040 1124 173 610 1125 1126 181 1127 846 1128 737 1129 864 1051 1130 738 1131 739 1054 1132 1133 1134 1055 868 479 133 1135 391 287 743 1074 745 203 158 92 683 49 687 1136 627 213 301 516
161 631 820 823 925 1137 326 939 911 182 237 243 1138 784 1139 160 1018 502 1140 1019
713 59 1141 322 716 228 924 965 520 450 927 277 758 1142 882 721 1143 1144 365 536 759 389 848 313 496 1123 421 1145 100 752 264
145 1024 376 1003 993 326 409 1129 468 1130 1146 1052 1054 817 818 206 1147 1148 1149 962
427 339 357 361 18 890 462 862 25 281 468 113 856 743 54 206 44 1150 507 336
1151 427 561 1005 404 444 445 66 568 22 941 196 481 197 623 763 902 1152 212 510 336 628
161 375 436 717 441 1153 720 325 66 928 911 181 327 739 537 696 677 197 838 743 290 293 621 709 985 296 1077 1045 397 1150 1154 627
770 772 825 1017 922 908 1070 308 1155 16 1156 1157 734 108 882 24 913 1158 1073 1075 679 875 553
768 555 1159 820 1160 823 934 356 935 775 925 1161 938 1162 1163 874 778 237 779 575 413 1130 243 523 782 247 248 38 249 396 210 260
1164 879 303 125 425 1165 337 400 1166 1035 713 376 919 1167 632 59 224 1141 433 8 1168 1169 561 9 340 64 717 564 790 924 1170 442 65 229 444 106 925 809 1124 361 827 82 13 14 308 1171 522 567 452 1103 1172 702 179 455 17 409 180 1173 458 459 460 703 1044 758 534 1142 1105 535 130 85 131 461 107 346 862 466 1120 952 111 1143 574 592 546 863 411 1174 27 112 284 1175 794 956 29 991 74 1176 901 32 848 34 1177 479 313 577 75 330 1178 849 390 1179 484 417 292 538 392 1180 368 1109 54 42 491 959 747 251 393 797 47 496 552 297 1181 583 95 499 500 710 503 97 504 903 977 686 141 885 766 123 259 1182 51 513 100 422 606 516 961 262 905 629 102 124 630 1183 799
1184 1185 887 967 1036 163 987 556 557 61 7 1186 167 699 402 81 1101 921 63 359 922 1187 64 636 1188 1189 853 1190 827 449 451 657 275 994 309 1171 521 1191 408 989 568 1192 1172 343 1193 459 534 535 462 829 187 467 1194 25 666 723 26 1195 1196 1197 88 537 74 474 696 32 971 286 931 1198 835 741 761 837 390 288 1199 289 415 783 202 1200 1180 93 315 1109 488 709 40 295 959 1201 494 1202 496 1123 1181 1203 947 1150 1140 509 605 1204 1205 420 1136 917 320 1080 1206 124 517 1183
727 149 650 1009 108 109 191 190 365 469 1207 1122 1208 601 1209 1210 392 94 418 976 96 121 122 1211 992 642 1212
644 1213 1214 1215 126 12 172 940 130 1216 1132 478 1217 1117 1218 1219 1220 841 139 516
161 376 586 714 873 64 717 636 307 1221 1137 691 66 611 614 191 1222 87 328 740 838 1223 80 803 516 1212
337 338 1224 1225 60 1037 1141 1102 1142 1226 736 990 915 795 483 1227 1228 1057 959 514
555 895 821 338 59 1225 164 585 1186 356 1215 755 756 1187 637 307 104 1229 1230 406 693 532 694 731 1044 758 734 53 345 535 1231 661 186 982 110 280 913 1232 471 1146 33 931 196 198 1233 314 1108 1234 621 1109 1235 489 492 1236 1237 1181 317 1238 885 318 371 1239 336 99 798
966 1240 1241 636 1242 1243 693 14 566 1244 232 1245 929 1246 830 1128 1247 863 1196 983 1248 472 1249 959 1250 48 1251
1020 3 1141 322 920 773 1172 15 454 19 1142 571 1252 721 24 191 666 1073 856 1253 389 598 248 117 288 289 1233 1254 959 1014 395 297 500 851 947 1118 766 371 1145 514 1206 399
607 1038 979 1255 1256 924 1221 404 1153 1257 405 720 533 657 610 174 1258 567 611 613 980 15 456 17 153 1259 862 664 1260 348 1194 1128 813 193 668 1174 1197 738 677 760 330 390 197 619 199 38 578 78 291 292 134 539 681 624 985 1096 1237 626 685 1204 514 1212 1261
1015 1214 126 1262 1221 809 172 129 234 1263 1050 940 855 663 1264 1265 1217 1117 1266 1267 139 140 1268 353 1269
1256 105 1270 827 1244 15 734 1271 1272 666 524 1273 75 289 745 203 1089 136 1118 687
631 586 633 1017 1063 12 776 1161 1274 929 1065 970 1252 240 1275 247 483 1276 499 1097
423 424 1277 860 896 1224 432 585 269 699 435 1101 1187 774 700 342 1278 691 66 827 1064 174 1244 1279 929 702 456 181 862 187 664 830 348 592 955 723 537 524 983 760 35 838 579 93 43 1254 494 963 1077 786 1001 419 159 541 1181 210 335 371 1280 1046 553 219
269 872 168 64 925 590 732 1044 187 830 953 190 794 548 835 579 1117 119 1181 208 99 630
56 1281 609 1282 646 1283 1284 533 1258 613 455 456 17 662 664 1285 193 615 616 983 1286 619 331 91 620 708 134 1287 540 681 1288 1235 1237 625 626
1289 1076 161 1290 355 1225 804 1291 1093 1004 150 940 735 1292 1293 739 816 199 1217 709 1060 1019 529 1261
1294 1024 873 1295 442 843 1124 1230 309 1296 1157 891 466 955 1196 284 1273 277 1287 762 1297
2 1281 607 609 1282 1255 646 1283 1284 533 1006 612 613 456 662 616 1273 1286 708 134 621 540 681 798
456 117
456
456 1298
456 31 376
456
456 133
456 13 161
456 59 106
456
456
456
456
456 126 12 15 17 356
456 17 193
456
456 17
117
117
117 133 141
117 516
117 516
117
117
117 404
117 193
117
117
117
117 1298
117
117
117
117
117
117
117
117
117 12
117
117
117 17
117
117
117 356
126 133
126 12 47
126
126 133 139
126 133 125
126
126 139 125 141
126
126
126
126
126 133
126
126 376
126
126 959
126 141
126
126 217
126
126 15
126
126
126 141
126
126 59
126 687
126 9 139
126 9 139
126 139
126 376
126
133 161
133
133 442
133
133
133 13 537
133 17
133
133 59
133
133
133 15
133 13 161
133 106
133 217
133 376 139
404 31
404 1298
404
404
404 161 537
404 356
404 141
404 47
404
404
404
404 356
404 47 193
404 15 139
404 47
404
404
404 17
31 356
31
31 1298
31
31
31
31 356 161
31
31
31
31
31
31
31 13 516
31 537
31
9
9
9
9
9
9
9
9
9
9
12 161
12
12
12
12
12
12 1298
12 13
12
12
12
12
12
12 1298
12
12
12
12 15
12
12
12
12
12
13
13
13
13 125 442
13
13
13
13
15 687
15 687
15 139
15
15
15
15
15 35 687
15
15
15
17 193
17 125
17 47
17 959
17
17
17 193
17
17
17
17 139
17
17
17 217
17
17
17
17
35 125
35 193
35 47
35
35
35 959
35
35 141 516
35
35 537
35 959
47 106 442
47
47
47
47
47
47
47
47
47 139
47
47
356 161
356
356
356
356 442
356
356 59 687
356
356
356
356 376 161 442
356 125
356
376
376
376 106
376 141
376 193
376 516
376
376
376
376 125
376
1298
1298
1298
1298
1298
1298
1298
1298
1298
1298
1298
1298
1298 516
1298
1298
161 193
161
161
161
161 125
161
161
59
59 193
59
59
59
59
537
537
537
537 106
537 106
537
537
106
106
106
106
106
106
106 141
106
106 442
106
106
106 687
106
106
106
139
139 687
139
139
139
139 442
139
139 217
139 217
139
139
139
139
139
139
139
139
139
139
139
139 516
139
139
139
125
125
125
125 516
125
125
125
125
125
141
141
141
141
141
141
141
442
442
442
442
442 217
442
442
442
442
442
442
193
193
193
193
193
193 687
217
217
217
217
217 687
217
217
217
959
959
959
959
959
959
959
959
959
959
959
516
516
516
516
687
687
687
1299 1300 1301 1302 1303 1304 1305 1306 1307 1308 1309 1310 1311 1312 1313 1314 1315 1316 1317 1318 1319 1320 1321 1322 1323 1324
1325 1326 1327 1328 1329 1330 1331 1332 1333 1334 1335 1336 1337 1338 1339 1340 1341 1342 1343 1344 1345 1346 1347 1348 1349 1350 1351 1352 1353 1354 1355 1356 1357 1358 1359 1360 1361 1362 1363 1364
1365 1366 1367 771 1368 1369 9 1370 1371 1372 1373 1374 1375 1376 1377 1378 1379 1380 1381 1382 1383 1384 1385 1386 1387 1388 1389 1390 1391 1392 1393 1394 1395 1396 1397 1398
1399 1400 1401 1402 1403 1404 1405 1406 1407 1334 1408 1409 1410 1411 1412 1413 1414 1415 1416 1417 1418 1419 1420 1421 1422 1423 1424 1425 1426 336 1427 1428 1429
1430 1431 1432 1433 1434 1435 1436 1437 1438 1439 1440 1441 1442 1443 1444 1387 1445 1446 1447 1448 1449 1450 1451 1452 1453 711 1454 1455 1456 1457 1458 1459
1460 1461 1462 1463 1464 1465 1466 1467 1468 1407 1469 1470 1471 1472 1473 1474 1475 1476 1477 1478 1479 1480 1481 524 1482 1483 1484 1485 1486 1487 1488 1489 1355 1490 1491 1492 1493 1494 1495
1496 1497 1498 1499 1500 1501 1502 1332 1503 1504 1505 1506 1507 1508 1509 1510 1511 1512 1513 1514 1450 1515 1493 1516
1517 1518 1519 1328 1520 1402 1521 1499 1522 1405 1523 1524 1525 1526 1527 1506 1474 1528 1529 1530 1531 1532 1533 1534 1535 1536 1510 1537 1383 1538 1539 1540 1541 1542 1487 1543 1544 1513 1545 1546 1547 1548 1549 1550
1326 1551 1552 1553 1554 1555 1556 1557 1558 1559 1338 1560 1561 1562 1563 1415 1564 1565 1566 1567 1568 1569 1570 1361 1571 1572 1429
1573 1574 1575 1576 1577 1578 1579 1580 1504 1581 1505 1582 1583 1584 1307 1585 1586 1587 1588 1589 1590 1591 1592 1593 1594 617 1595 1596 1597 1598 1599 1449 1600 1601 1320 1602 505 1603 1604 1605 1606
1607 1608 1609 1330 1610 1611 1612 1613 1614 1615 1304 1616 1617 1311 1618 1619 1445 1620 1621 1622 1623 1624 1625 1626 1627 1628 1629
1630 1631 1632 1633 1634 1464 1635 1636 1637 1638 1639 1640 1641 1642 1538 1643 1644 1645 1646 1647 1648 1570 1550 1649 1650 1651
1652 1630 1653 1402 1654 1578 1405 1655 1611 1656 1657 1658 1659 1660 1661 1662 1663 1664 1665 1666 1667 1668 1669 1670 1671 1672 1673 1674 1538 1675 1676 1677 1678 1679 1680 1681 1682 1683 1684 1628 1685 1686 1687 1688 1689
1690 1517 1691 1692 1693 1694 1695 1696 1697 1698 1331 442 1555 1699 1700 1701 1702 1703 1704 1705 1706 1707 1708 1709 1548 1710 1711 1712 1713 1714 1715 1716
1717 1517 1718 1719 1694 1720 1721 1722 1723 1555 1724 1474 1725 1726 1727 1728 1729 1706 1730 1731 1682 1732 1733 1734 1735 1360 766 1736
1737 1738 1739 1517 1518 1740 1741 1742 1694 1743 1744 1745 1698 1746 1747 442 1748 1749 1750 1751 1752 1409 1701 1477 1753 1342 1754 1755 1756 1757 1758 1759 1703 1760 1539 1761 1762 91 1351 1417 1763 1764 1765 1766 1570 1767 1768 1769 336 1714
1770 1771 1772 1773 1774 1775 1776 1745 1777 1467 1778 1779 1474 1780 1781 1343 26 1782 1783 1451 1709 1784 1785 1786 1687
1787 1788 1694 1789 1790 1791 1749 1792 1793 1794 1795 1796 1340 1797 1757 1798 1799 1800 1801 1802 1515 1803 1804 1805 1686 1806 1807 1808 1809 1713
1810 1331 1811 1812 1791 1813 1814 1815 1816 1817 1818 1819 1670 1820 1821 1822 1823 1824 1825 1357 1826 1318 1827 1828 1710 1829 1830 1831 1832 1713
1833 1834 1329 1521 1835 1719 1836 1837 1838 1839 1791 1840 1841 1842 1843 1340 1844 1845 1846 1847 1760 1848 1849 1850 1851 1823 1852 1825 1417 1853 1707 1318 1829 1854 1423 1457 1855 1809 1324
1856 1857 1858 1859 1462 1860 1861 1835 1862 1863 1864 1865 1580 1616 1866 1867 1868 1869 1379 1870 1871 1872 1383 1873 1874 1875 1876 1877 1447 1419 1878 1879 47 1880 1881 1882 1883 1884 1885 1427 1886 1887 1888
1889 1856 1890 1861 1522 1746 1891 1892 1893 1584 1894 1895 1896 1589 1561 1670 1510 1897 1898 1899 1763 1565 1783 1765 1732 1900 1901
1902 1903 1904 1905 1906 1907 1908 1909 771 1910 1911 1912 1836 1913 1523 1914 1915 1580 1916 1917 1300 1918 1919 1920 1921 1616 1922 1923 1924 1925 1926 1338 155 1927 1928 1895 1929 1930 26 1755 1931 1932 1933 1934 1935 1936 1937 1938 1939 1940 1941 1942 1943 1944 1945 1946 1947 1948 1450 1949 1950 1951 1952 1882 1953 1954 1955 1956 1957 1958 1959 1883 1960 1901 1961 1688 1962 1963 1964
1965 1966 1368 1967 1968 1969 1970 1971 1661 1972 1973 1974 1975 1976 1977 1978 1480 1979 1980 1981 1982 1983 1984 1985 1986 1987 1988 1989 1990 1390 1991 1547 1393 1992 1993 1994 1995 1455 1996 1997 1998
1631 1368 1610 9 1999 1580 2000 2001 1972 1374 2002 2003 2004 2005 1375 2006 2007 2008 2009 2010 2011 1380 2012 2013 2014 1982 2015 1385 2016 2017 2018 2019 2020 2021 2022 1397
